104
-0.501085 -2.5221 -2.58956 -0.380725 -1.49315 -1.46866 -0.939451 0.503434 0.0336368 -0.00105277 -0.516393 0.951099 0.373808 0.395924 -1.04213 1.67172 -0.977878 -1.09072 0.478134 -0.34268 0.239357 0.415037 -1.02914 0.762861 -0.238462 0.0424895 -2.93627 2.10218 -2.47744 -1.81786 -1.42204 -0.567159 -0.993211 -0.47042 -0.199504 -0.347435 -0.980534 0.122403 -0.215963 0.237951 0.350252 1.32425 -0.251501 -0.17182 0.205983 0.29586 0.402475 0.459447 -0.948958 0.690889 0.336129 -0.192569 2.28023 2.2465 0.0712003 -2.67475 0.12702 -1.34868 1.13542 0.0402204 -0.497969 -0.45583 -0.139693 0.933234 0.277867 -0.329353 -1.39095 1.36478 0.273062 -1.52884 -0.943188 0.360481 0.502667 0.0694194 -0.191179 0.0171939 -0.173905 0.329513 -3.13195 0.544591 -2.65147 -0.675684 1.50407 -1.12205 -0.950088 -0.469941 0.327052 -0.0807548 -0.943845 0.646786 0.408356 0.223218 -1.34859 2.94116 -1.07716 -0.494473 1.00203 -0.426125 -0.21021 0.125015 -1.01208 0.192521 0.106535 -0.38608 
104
1.28228 -2.54491 2.07937 -0.257969 1.43019 -0.812239 -1.13187 0.467384 -0.121844 -0.216705 -0.511599 0.771969 -0.236193 -0.201421 2.3061 3.06669 -1.14347 -0.52073 1.0418 -0.25572 0.467544 0.149699 -0.965705 0.974525 0.0570308 0.168887 -1.23168 2.15738 2.01191 -2.07372 0.597824 -1.37341 0.307848 0.0767495 -0.336512 -0.0379301 -0.893286 0.837869 -0.0885424 -0.127021 -2.69785 1.71896 0.651583 -1.1565 -0.401568 -0.504201 0.345013 -0.0833848 -0.286576 0.973918 -0.493079 -0.189501 0.341819 0.441672 -2.67619 -0.182073 -1.56473 -0.709895 0.569554 -0.384387 -0.0957971 -0.403348 -0.859249 1.02994 -0.136928 -0.407653 1.49348 0.89628 1.48471 -0.360074 -1.52113 -0.351469 -0.189725 0.364047 -0.450909 0.209172 0.421619 -0.120469 2.28694 -1.57149 2.90848 -1.20964 -0.84324 -0.470181 -0.35212 0.0720196 0.124752 -0.3053 -0.76676 0.797153 -0.0260306 0.20695 1.23379 1.96735 0.347137 -0.465293 1.27878 0.464156 -0.121204 0.520207 -0.689164 0.107957 -0.467097 -0.0262223 
104
1.70028 0.615887 0.730114 -0.668305 -0.51982 -1.08343 -1.45414 -0.481894 0.130984 -0.12468 -0.662829 0.569573 0.502124 0.0711886 1.54485 1.64144 -0.706493 -1.05195 -0.998098 -0.0253914 0.416633 0.238742 -0.443047 0.691784 -0.161569 0.460928 -0.0472433 -0.101482 -1.19737 -1.8743 0.809412 -1.14888 0.239427 0.0990888 0.0061521 -0.300043 -0.418567 0.783506 0.248146 -0.433252 -2.62943 0.433239 -1.56943 -0.93212 -0.320401 0.0139181 -0.221268 0.483124 -0.797984 0.216682 0.252492 -0.428969 -1.4471 -2.28636 -1.61097 -0.04686 -0.950567 -0.920142 0.0793936 0.465786 -0.474735 -0.039086 -0.163854 0.180888 -0.501548 0.163007 2.18651 1.57685 0.861543 -0.357678 0.701031 0.224688 -0.0589803 0.246703 -0.840905 0.409458 -0.224752 0.489148 0.0930491 1.66942 -1.51591 -0.068038 1.47245 -0.70587 -0.31561 -0.000463405 -0.441433 -0.403329 -0.701276 0.839435 -0.509218 0.073234 1.55424 1.45985 -0.445457 -0.792307 -0.844773 0.142809 0.316282 0.00713063 -0.816137 0.841352 0.378858 0.307397 
104
-1.06091 1.99485 2.10084 -0.262282 -0.504679 -0.513399 0.290982 -0.114781 -0.153611 -0.0333065 -0.590794 0.138606 0.373904 0.142361 2.91308 0.330894 -1.53368 -0.107519 -0.837586 0.392153 0.128427 0.394194 -0.974941 0.325215 0.270101 -0.422737 0.070242 0.979459 0.684309 -1.89318 -0.815833 -1.30369 0.598303 0.124209 -0.184196 -0.479992 -0.0292105 0.68894 -0.38509 -0.519701 -2.92554 0.870215 0.811425 -0.423944 1.08128 -0.226765 0.311392 0.0882683 -0.78993 0.48191 0.334115 -0.194422 1.58394 -1.76295 -0.730498 -0.723023 0.767535 -0.874671 1.38563 0.276525 0.166778 -0.228395 -0.565354 0.754424 -0.243256 0.303179 -2.34022 1.83453 0.4215 -1.36536 1.46124 -0.208516 0.367992 0.450852 -0.305464 0.292361 -0.372945 -0.164573 1.77042 -2.76071 -0.407174 -1.36047 0.723934 -0.139909 1.47906 0.151565 0.456103 -0.18324 -0.949597 0.987469 0.489883 0.295988 1.6171 0.759438 -0.253034 -1.40633 1.2231 -0.257637 0.0601947 0.0640687 -0.866983 0.509682 0.150191 0.147666 
104
-0.897239 2.71701 0.409857 -0.42241 0.744632 -0.198891 -0.988802 -0.0524926 -0.296787 -0.198005 -0.758802 0.428794 0.52213 -0.523216 -0.162429 0.180157 0.355283 -0.198268 0.30574 0.30858 0.481766 0.357726 -0.91668 0.663852 -0.218743 -0.292537 0.285089 -0.203826 -2.50715 -1.04261 0.897191 -1.29809 -0.334584 -0.0486576 -0.0694309 -0.430978 -0.736495 0.100287 0.505383 -0.115995 -0.0694754 1.02881 0.973566 -0.564667 -0.282262 -0.492408 -0.405671 0.414776 -0.288366 0.377691 0.0148769 -0.298449 -3.11087 2.68731 0.417906 -1.35913 -1.24601 -1.02948 1.13599 0.196787 -0.329801 -0.516105 -0.0268136 0.662925 0.403402 -0.0199584 2.84217 0.220117 0.195154 -1.22679 0.240768 0.439356 -0.401581 0.00164937 -0.937932 0.905366 -0.16502 0.283077 1.385 2.03721 -1.37753 -2.28445 -0.278237 -0.0252507 0.135357 -0.128076 -0.0201821 -0.234323 -0.96759 0.383859 -0.0754392 -0.216123 -1.05497 0.195489 -0.295869 -0.664999 -0.570129 -0.376365 0.499599 0.38916 -0.531766 0.634482 -0.116219 0.425965 
104
0.921579 -1.41682 1.98067 -0.683542 1.2782 -0.663274 -1.39157 0.421683 0.143096 -0.211 -0.778617 0.0312878 -0.113758 0.147059 -1.33134 2.15968 -0.139957 -1.21146 -1.00739 0.43926 0.253547 -0.0591852 -1.03291 0.0684881 -0.0967878 0.446131 0.187536 1.35434 1.70143 -3.01264 -0.750286 -1.485 0.424183 -0.138239 0.0630071 -0.33114 -0.417256 0.332661 -0.153962 0.0715082 -0.16952 3.08317 1.45635 -0.69897 -0.509279 0.506055 0.373776 0.394548 -0.597186 0.405048 0.14463 0.153131 -0.89973 0.911613 -2.13917 -1.06983 0.919231 -1.49827 -1.34701 0.244406 -0.28672 -0.139762 -0.350814 0.531638 0.375726 -0.478794 -0.925987 1.81058 -0.790534 -1.07653 0.379623 0.30532 0.303179 0.514968 -0.197251 0.378267 0.132838 0.111425 0.412923 2.95007 -2.56273 -3.03488 -0.697677 -0.579281 -0.750957 0.0201182 -0.100399 -0.219241 -0.289165 0.0499199 0.490043 -0.160258 -2.12192 2.80642 -1.23824 -0.0764708 1.0186 0.38835 0.521491 -0.0441211 -0.525342 0.248289 -0.492983 -0.243416 
104
-2.04564 0.618954 0.183128 -0.878361 -0.63328 -0.872371 -0.818133 -0.406758 0.0556246 -0.41239 -0.396164 0.840937 0.155528 -0.215483 0.779945 0.810514 0.820528 -0.353893 -0.834328 -0.194295 -0.136705 0.355732 -0.0313518 0.0377116 0.379113 -0.503977 0.825943 0.32572 0.111831 -0.0200281 -1.08128 -1.41299 1.40479 0.158085 0.438174 0.0843543 -0.428091 0.337934 -0.180233 0.250063 -0.824026 0.875486 -1.40604 -0.0145659 -1.34605 -0.269526 0.236736 0.292007 -0.426557 0.296899 -0.0219079 0.0625278 0.576598 -2.79483 -2.31741 -1.04846 0.56735 -0.239858 -0.327493 -0.176014 0.242169 -0.265253 -0.0633747 0.0432725 -0.109635 -0.413501 0.854883 1.89721 -0.216236 -1.43531 1.14069 -0.228459 0.45067 0.171326 -0.855095 0.548927 -0.482884 0.208612 -1.5481 0.233341 -1.46799 -0.626045 -0.607407 -0.944051 1.49401 0.313789 -0.471507 0.0521192 -0.889291 0.414828 -0.186593 -0.390043 -2.95275 2.80863 -0.457436 -1.39075 0.641809 -0.33338 0.502475 0.378197 -0.760368 0.708627 0.137663 0.284611 
104
-1.58356 0.893022 -0.0163866 -0.134639 -1.36119 -0.975051 -0.0158596 -0.288574 -0.392057 -0.0698482 -0.0254713 0.579225 -0.438589 -0.514396 -0.506068 2.98198 -0.965516 -0.156919 -1.02273 -0.484674 0.100942 0.108031 -0.723264 0.158964 -0.183588 0.514971 2.80039 0.121798 -2.13227 -1.63876 -0.277662 -1.20734 1.3356 0.0441513 -0.461152 -0.379502 -0.741193 0.341578 -0.420277 -0.449359 1.36622 0.980034 -0.704864 -0.714399 0.270283 0.0360657 0.267545 -0.0278637 -0.877146 0.0142217 -0.477931 -0.473041 -0.358493 2.37989 -1.31352 -1.69041 0.00570177 -1.33474 1.03097 0.352715 -0.0783155 -0.13031 -0.759825 0.366314 -0.0769093 0.502731 -2.77911 2.70686 -0.823499 -1.33733 0.622931 -0.0886063 -0.136928 0.284885 -0.31764 0.452411 -0.174896 -0.105608 -0.853924 -1.01377 -0.488436 -2.50255 -0.161806 -0.263048 -1.12584 0.385921 0.412255 -0.212268 -0.124928 0.34308 0.0801052 -0.447442 2.68424 1.24184 -0.417188 -0.255094 -0.281016 -0.0894372 -0.151981 0.375308 -0.765386 0.224001 0.0877434 0.192058 
104
1.21725 0.144292 1.83629 -0.397464 0.184824 -1.37535 -0.121376 0.370182 0.474734 -0.357693 -0.51859 0.0504318 -0.374549 0.014239 0.90392 1.95459 1.03544 -0.195919 0.583 -0.348372 -0.0854886 0.259435 -0.411914 0.631783 0.425517 -0.203525 -2.57926 0.836092 -1.05104 -0.113651 -0.720418 -1.15297 -0.846883 -0.178708 0.00341747 -0.474489 -0.634218 0.619842 -0.442145 0.422378 -1.18321 3.06356 1.00101 -1.38732 -0.949941 -0.00306024 -0.031581 0.280276 -0.497456 0.0944136 0.0915853 0.094017 3.00398 -0.776591 1.24439 -2.50289 0.0372008 -0.125931 -0.542264 -0.0865258 0.199304 -0.406644 -0.435605 0.614704 -0.12272 0.216839 -3.11643 2.80959 1.17494 -0.789951 0.227733 0.217813 -0.41359 0.511967 -0.535301 0.930259 -0.0711804 0.411127 -0.823174 -0.891423 2.368 -0.482978 -1.18044 -0.506181 -0.772654 -0.129765 -0.441812 -0.316961 -0.791326 0.092006 -0.5226 0.0808309 -2.1991 0.2442 -0.307348 -1.36333 -1.01007 0.180008 0.0149115 0.175743 -0.288833 0.733309 -0.233818 0.280376 
104
-0.0612992 -0.0668724 0.0883904 -0.215059 0.0882952 -6.08238e-005 -0.0891312 -0.0763457 0.301177 -0.122214 -0.584999 0.163523 -0.0211687 -0.157046 0.150049 -1.77001e-005 -0.238887 -0.00368191 -0.0550145 -0.414395 0.034961 0.207587 -1.14175 0.000164346 -0.00298531 -0.0114459 -0.786746 -0.401906 0.617018 -1.36591 -0.477117 -1.04765 0.237426 -0.306179 0.07784 0.420399 -0.370498 0.414193 -0.856553 -0.316282 0.836645 0.379859 -0.175154 -0.846693 -0.743266 -0.161509 0.237779 -0.102884 -1.13219 1.52623 -0.000345939 0.792273 -0.42268 -0.359847 0.536844 -0.0989164 0.266193 -0.0304778 -0.944262 -0.201 1.20044 0.448743 -1.35302 0.0961518 -0.803283 -0.883901 -0.213073 0.308271 0.629467 -0.428826 -0.0181808 -0.804256 0.714728 0.775502 -2.58736 0.506248 -0.829632 -0.17872 -0.216782 -0.601046 0.526706 -0.113167 0.178359 -0.309071 -0.725077 0.207856 1.63334 0.720491 -1.31011 0.0551758 -0.560679 -0.733268 0.0848517 0.6145 -0.501989 -0.403706 -0.335516 -1.40378 0.899549 0.148445 -1.89561 0.281151 -0.752498 0.184803 
104
-0.147837 0.0885356 0.091766 -0.222455 0.038884 -0.013709 -0.123016 -0.235174 0.410463 0.0866561 -0.76775 0.245432 -0.0156682 -0.0854151 0.178112 0.00496135 -0.315409 -0.00210803 -0.0593366 -0.468812 0.00518922 0.0722258 -1.04766 0.00795194 -0.0333931 0.112737 -0.587679 0.458124 0.702292 -0.890589 -0.563775 -1.38062 0.644991 0.711496 0.0960576 -0.064222 -0.581421 0.8591 -0.967115 0.326845 0.665196 0.673868 0.402047 -1.27905 0.613719 0.153736 0.0729953 0.355491 -1.3233 1.6813 -0.276097 -0.0953484 -0.724205 -1.20415 0.775544 -0.667138 -0.776582 -0.270155 0.180003 -0.16346 1.95275 -0.0323121 -1.63393 0.363144 -0.727589 -0.42615 0.0676305 0.195676 -0.0692094 -0.558701 -0.0353458 -0.0950902 0.574654 -0.285446 -1.96851 0.718317 -1.02742 -0.425189 -0.857136 -0.0172301 0.964055 -0.661096 0.0643068 -0.106238 0.538627 0.113375 1.23138 0.264512 -0.783403 0.566069 -0.110114 -0.422974 -0.512299 0.632582 0.472028 -0.426526 -0.0483109 -0.140061 0.809056 -0.312939 -1.40027 1.29804 -1.07579 0.152355 
104
0.00301029 0.0290395 0.131157 -0.0465256 -0.0384424 -0.0262729 0.0261484 -0.118571 0.0207569 -0.103303 -0.549557 0.304992 -0.0293419 0.002531 0.141232 0.0684026 -0.00240246 -0.0529944 0.0352925 -0.217312 0.067318 0.223514 -1.2122 0.00409061 -0.0187767 -0.15193 -0.311389 -0.46509 0.715197 -0.342071 0.117268 -0.102824 0.510037 -0.182588 0.240856 -0.811927 -1.19944 1.82288 -1.28142 0.497402 0.82572 0.430546 0.133548 -0.776455 0.220378 -0.0346414 0.474999 0.139314 -1.17828 1.54215 -0.0479835 -0.0364309 -0.279573 0.646384 0.140275 -0.725827 -0.79839 -0.421952 0.892787 0.670956 0.484209 0.141873 -0.374846 1.32367 -1.56903 -1.36696 0.845172 0.15215 0.435951 -0.336785 0.00824365 -0.533723 0.793188 1.61792 -2.29327 0.237313 -0.317297 -0.833671 -0.233121 -0.262328 0.0156251 -1.31603 -0.0784123 -0.403218 -0.535039 0.755215 0.460629 -0.150058 -0.284862 1.50907 -1.37575 -0.330929 0.27201 0.245684 0.684198 -0.392696 -0.0136109 0.302404 1.02595 0.986377 -1.59554 0.432403 -0.0597919 0.0853512 
104
-0.148077 -0.242797 0.118584 -0.0115607 -0.121883 -0.0686534 -0.113832 -0.218121 0.324825 -0.21553 -0.76745 0.428771 -0.0158821 0.10294 0.0273786 0.183826 -0.0944475 -0.110204 -0.116684 0.0915567 0.0033312 0.320813 -1.24867 0.163121 -0.0920307 -0.0815679 -0.343335 -0.709132 0.662479 -0.962793 0.883146 -0.728734 1.38384 0.407498 0.253417 -0.513677 -1.06593 1.97282 -1.36401 -0.538701 0.518261 1.13388 0.0477494 -0.393034 -0.225662 -0.373699 0.743476 -0.261165 -1.16683 1.52203 -0.163759 -0.189034 -0.691599 -0.228348 1.12399 -0.156948 -0.937826 -1.20128 -0.281097 -0.417914 0.511538 -0.388915 -0.743492 1.38445 -0.869057 0.257316 -0.522666 1.04851 -0.903789 -0.0120523 0.593921 0.523876 0.926525 -1.06382 -2.52684 0.79795 -0.0407605 -0.851779 -0.344037 -0.172461 0.990859 -0.168769 0.56802 -0.406554 0.786586 -0.284178 0.208222 -0.103669 -0.300157 1.49404 -0.816874 -0.358875 -0.249593 0.872488 -0.00512464 -0.249601 -0.255763 -0.0249238 0.988335 -0.595196 -1.4852 0.385116 -0.877692 0.659147 
104
0.116233 0.0617453 -0.182953 0.0229907 0.143589 -0.114654 0.0997098 0.0679405 0.0654 0.0818843 0.0526029 -0.0163671 0.00955136 -0.0693133 0.0791981 0.0200326 0.0946942 -0.203519 -0.00391185 0.0416198 0.0565487 -0.181706 -0.0315213 0.224784 0.0539598 -0.0169359 -0.15514 -0.103796 -0.16886 -0.154038 -0.1734 0.137913 0.0519078 -0.17146 0.318865 0.176649 0.0247751 0.191236 -0.0772532 -0.083131 -0.0331872 0.00327562 -0.0181359 -0.21114 -0.143086 0.0539415 -0.0186763 0.172919 -0.0460316 0.115166 0.131702 0.0169596 0.0645685 -0.0382595 0.148281 -0.0391581 0.0756591 -0.119046 -0.0352687 0.113525 0.0858702 0.00390073 -0.182053 0.230267 -0.157366 0.0379434 0.195999 -0.00461264 0.0073881 -0.0894844 0.0357791 -0.0359936 0.0975221 -0.0843215 -0.155623 0.174129 -0.0532823 -0.114403 0.00397922 -0.176607 0.0807016 -0.0186004 0.050035 -0.107175 -0.00976139 -0.169314 -0.0548147 -0.0965561 -0.12564 0.0732388 -0.0421101 0.115097 0.0504319 -0.0297926 -0.249501 0.14941 -0.0210433 -0.0551579 0.00391607 -0.0883457 -0.0479641 -0.0567683 0.018768 0.00950658 
104
0.0614675 0.0409702 -0.312283 0.0677042 0.026565 -0.0807412 0.0132689 0.0919671 -0.0424361 -0.0408802 -0.222615 0.162491 -0.0383524 -0.061806 -0.0873038 -0.045428 -0.00548552 0.0435832 -0.114188 -0.033078 -0.0252124 0.0990656 -0.21121 0.111662 0.0515822 0.11964 0.055533 -0.0972217 -0.0490099 -0.158917 0.0309442 0.153393 0.0730058 -0.152975 -0.0237759 0.148345 0.116605 0.0460178 -0.0350887 0.100957 -0.0591943 -0.0245707 0.0593085 -0.0646021 0.119757 -0.0109398 0.0552842 0.172799 -0.12265 0.143236 -0.0134548 -0.00375641 -0.12516 -0.0411039 0.092502 0.118576 0.153956 0.0529154 0.121522 -0.0801042 0.00429323 -0.00364316 0.0361196 0.0256308 -0.0553253 0.0604002 -0.267438 0.108245 -0.0130795 0.0130235 0.0981837 0.133294 0.0547206 0.0860529 -0.218445 0.127345 -0.0148807 -0.143876 0.0845241 0.029955 -0.0865712 -0.123296 -0.148625 0.0903568 0.134052 0.170017 0.00450728 0.146984 -0.303657 0.121668 -0.0752355 0.107602 0.0425361 0.0109913 -0.0487695 -0.0124684 -0.0317487 0.177189 -0.0252207 -0.0318268 -0.017208 0.00655504 -0.0833213 -0.258846 
104
-0.0558679 -0.111501 -0.180938 -0.102119 -0.100513 0.108163 -0.188416 0.00357243 0.0751329 0.224446 -0.108957 0.0624543 -0.00940479 -0.0426985 0.078507 -0.0168881 -0.195281 0.082238 -0.105847 0.267457 -0.0190437 -0.0294007 0.0598547 0.0542338 0.0405639 0.112866 -0.0569247 0.0510213 -0.0699108 -0.134237 -0.0134585 -0.063338 -0.0980325 0.117157 0.0440204 -0.0156187 -0.201051 0.00892931 -0.0536499 -0.131481 0.028884 0.095495 0.242416 -0.122839 0.0812708 -0.122102 0.146587 -0.171873 -0.0946839 0.117701 0.0907576 -0.0649886 -0.140446 -0.0682243 0.186319 -0.159202 -0.00220943 0.0581055 -0.0185593 0.011849 0.135756 0.0472214 0.00226303 0.0848253 -0.195093 0.0154369 -0.109196 -0.0682924 -0.0674757 -0.0522213 0.154743 -0.014339 -0.00758204 0.0668532 0.0450267 0.036693 -0.190618 -0.0641496 0.0947566 -0.0464182 -0.255761 -0.0329023 0.0502884 0.0622861 -0.00210984 0.0960482 0.152188 0.23346 0.0180876 -0.049109 -0.0200182 0.0187756 -0.0250436 0.042614 0.121555 -0.0657823 -0.00139641 -0.0781246 0.171406 0.0476554 -0.2297 0.0907087 -0.120427 0.0281931 
