18
0.188438 -0.0239303 0 0.0206426 -0.370862 -0.298877 -0.494606 0.51043 0 0.0485844 -0.315193 -0.142034 -0.288821 0.0518339 0 0.642855 -0.521451 -0.47303 
18
0.188438 -0.0239303 -9.74451e-006 0.0206426 -0.370862 -0.298877 -0.494606 0.51043 -0.000109831 0.0485844 -0.315193 -0.142034 -0.288821 0.0518339 -1.03739 0.642855 -0.521451 -0.47303 
18
-0.435059 0.130283 -0.0288176 0.00454149 -0.222164 -0.523598 0.523243 0.0710399 -1.91528e-005 0.82871 -0.050471 -0.5235 0.511578 -0.0872775 -0.574796 0.576975 0.519116 -0.522775 
18
0.110924 -0.0433497 -0.564965 0.260152 0.515469 0.270238 -0.484474 0.0591699 -0.416898 0.737888 0.509264 0.40261 0.51736 0.0585151 -0.0521254 0.298144 0.513892 0.205629 
9
-0.55929 0.0539555 0.518654 -0.00319784 0.294491 0.1989 -0.856134 0.382057 0.489677 
9
-0.625748 0.151601 0.46899 -0.00289964 0.198968 0.378402 -0.849388 0.606634 0.0560274 
18
0.0297652 -0.00731211 -0.280252 0.0100888 0.520586 0.519131 -0.522813 0.104738 -0.0173588 0.351847 0.487395 -0.169178 -0.523599 0.316937 -0.455574 0.47541 0.367752 -0.185864 
18
0.296049 -0.0409765 -0.000732542 0.00244393 -0.34629 -0.489741 0.22775 0.507007 -0.000455736 0.0419704 -0.520947 -0.266215 -0.523463 -0.0868124 -0.786477 1.03922 -0.342305 -0.242789 
18
0.0765863 -0.0109134 -0.335174 0.124237 -0.519516 -0.518277 0.00474092 0.195556 -0.186244 0.508676 0.362623 -0.410898 -0.223845 0.276857 -0.29361 0.0374881 0.522847 -0.478827 
18
-0.0502637 -0.0130982 -1.04663 0.64447 0.52269 -0.522732 0.102784 0.274318 -1.04601 0.364963 -0.250471 -0.345027 -0.4089 0.288236 -1.0472 1.04049 -0.197908 -0.522546 
18
-0.0532394 -0.0113939 -1.04713 0.644958 0.521 -0.519795 0.10634 0.272833 -1.0471 0.365039 -0.234711 -0.36528 -0.410369 0.293199 -1.04716 1.04048 -0.212327 -0.5236 
18
-0.058672 -0.00814203 -1.04209 0.659207 0.407421 -0.521266 0.0875465 0.248091 -1.04613 0.295624 0.0826338 -0.285489 -0.361739 0.280136 -1.04712 1.03759 -0.290669 -0.518485 
18
0.0765863 -0.0109134 -0.335174 0.124237 -0.519516 -0.518277 0.00474092 0.195556 -0.186244 0.508676 0.362623 -0.410898 -0.223845 0.276857 -0.29361 0.0374881 0.522847 -0.478827 
18
-0.00341091 0.00900533 -0.259246 0.0618876 -0.516003 -0.456078 0.0545599 0.230084 -0.278694 0.60885 0.523872 -0.50165 -0.0875406 0.109303 -0.310624 0.156205 0.521512 -0.509524 
18
-0.1529 0.0466404 -0.30609 0.0654015 -0.496983 -0.4716 0.035859 0.248751 -0.291329 0.84608 0.442813 -0.472546 0.0880309 -0.0321068 -0.567077 0.286728 0.496325 -0.512242 
24
0 0 0 0 0 0 0 0 0 0 0 0 0 0 0 0 0 0 0 0 0 0 0 0 
24
-0.03954 0.0243103 -0.0278494 0.347848 -0.388917 -0.0172038 -0.169369 0.437431 -0.647997 0.232463 0.0707032 0.0360139 0.341724 0.0146921 -0.469264 0.201036 -0.0824933 -0.108971 -0.251601 0.208765 -0.516965 0.349623 -0.0722527 0.365244 
24
0.0510863 0.0115683 -0.0076717 0.128843 0.365977 0.174966 0.162605 0.264159 -0.263336 0.605207 0.0421138 -0.279154 0.497047 0.186907 -0.424349 0.367366 0.341207 -0.176679 0.477372 0.225145 -0.499749 0.219517 -0.516067 -0.191694 
24
-0.0258143 0.0280331 -0.00197604 1.04569 0.524079 -0.41109 0.0258024 -0.0275126 -0.966991 0.470544 -0.105724 0.0407575 0.348172 0.508672 -0.01929 0.428578 -0.192059 0.132762 -0.246657 0.319297 -0.676464 0.491477 -0.00532217 -0.38955 
24
-0.0435099 0.0358047 0.00152252 1.04585 -0.161374 0.364375 -0.0887176 0.10622 -1.04619 0.247564 -0.388994 -0.389351 -0.408074 0.148282 -0.00173571 0.699044 0.161091 0.264956 0.229406 0.357217 -0.0153351 0.56137 -0.117296 0.302235 
24
-0.0960036 0.0228884 -1.0476 -0.000375426 -0.134535 -0.34601 -0.0457368 0.0649259 -0.000318037 0.443535 -0.110826 0.336713 0.116073 0.360302 -0.261185 0.827705 0.345542 0.127779 -0.251346 0.213005 -0.833749 0.145095 -0.113739 0.0353896 
24
-0.171578 0.038406 -0.767442 0.231175 -0.0927626 0.470116 -0.463558 0.0902202 -0.531248 0.267832 -0.0446244 0.203732 0.0778617 0.314733 -0.831063 0.394325 0.388693 0.109765 -0.508447 0.259498 -0.669621 0.285034 -0.321119 0.418941 
24
0.0150669 0.0139605 -0.647983 0.00194313 -0.0194134 -0.320055 0.271306 0.0902671 -0.253803 0.446708 0.0550335 -0.00439067 -0.0221812 -0.047255 -0.691628 0.223646 0.504187 -0.127943 -0.176383 0.482718 -0.230153 0.408059 0.0228892 -0.422207 
24
-0.0909181 0.0311679 -0.442184 0.173933 -0.0882651 -0.0575159 0.237804 0.00313785 -0.78116 0.667144 0.402671 -0.228818 -0.219375 0.306492 -0.145977 0.502552 -0.216382 -0.177037 -0.287843 0.178174 -0.508585 0.266726 0.28448 -0.444769 
24
-0.0634359 0.0230266 -0.391551 0.174733 0.0321949 0.231255 0.250007 0.205624 -0.483095 0.363219 -0.336084 -0.140526 0.314085 0.0601759 -0.870048 0.593162 0.27244 0.275411 0.368433 0.350577 -0.368916 0.45165 -0.250384 0.363901 
24
-0.203101 0.0223662 -0.343884 0.187382 0.0550539 -0.0744711 0.0421556 0.0285742 -0.248546 0.420108 0.0975096 -0.0224484 -0.0339361 0.238313 -0.327537 0.0766501 -0.0465901 0.0706566 -0.0494762 0.239922 -0.106202 0.147936 -0.127433 0.143004 
24
0.110238 0.006073 -0.15691 0.0445092 0.119701 -0.0905079 0.243716 0.00756077 -0.128233 0.242908 -0.456541 -0.0882733 -0.233975 -0.0337629 -0.293466 0.212586 0.0424824 0.172737 0.173041 -0.00621665 -0.321011 0.0970311 0.0117682 0.279998 
24
-0.0719433 0.0367772 -0.785569 0.847231 0.021915 0.0392627 0.0462548 0.0152743 -1.01471 0.625121 -0.375649 0.0426537 0.39523 0.155312 -1.00585 0.500154 0.0803555 -0.177886 -0.140438 0.362227 -0.941577 0.483805 0.199848 -0.0556895 
24
0.0686496 0.00104562 0.0557378 -0.0155473 0.0704174 -0.000515611 0.149568 0.0775381 -0.202777 0.0579978 0.0553128 0.00238379 0.04583 -0.0846304 -0.160688 0.0174522 -0.119939 0.150007 -0.0899349 -0.0973195 -0.108747 0.00854452 -0.0492721 0.0447771 
24
-0.251644 -0.021587 -0.189183 0.548248 0.0675457 0.120519 -0.130067 0.079088 -0.909816 0.552457 -0.178644 -0.307355 -0.332324 0.477951 -0.935823 0.512677 0.00492054 0.151756 -0.217379 0.291408 -1.01036 0.368464 0.169832 -0.141982 
24
0.00618929 -0.0302997 -0.532128 0.0664227 0.37175 0.105229 -0.424239 0.183111 -0.760504 0.316074 -0.0169075 0.0782868 -0.365597 0.400371 -0.536737 0.136241 0.103405 0.48528 -0.239494 0.267769 -1.0293 0.406105 0.262336 0.0898969 
18
-0.156814 0.0267021 -0.867062 0.456192 -0.381207 0.506081 -0.375363 0.194337 -1.04722 0.651334 -0.0559384 -0.0823825 -0.166437 0.0170665 -1.04663 0.640233 0.33582 -0.0380838 
15
-0.0362572 0.00404645 -0.715411 0.340677 -0.523398 0.262742 -0.00335087 -1.04662 0.523534 -0.476995 0.191428 0.265428 -0.819392 0.523666 -0.360703 
15
0.196756 -0.00796438 -0.745439 0.342277 -0.0807935 0.22785 -0.00428653 -0.843077 0.0745508 -0.359954 0.376915 -0.00751459 -1.04724 0.519831 0.0949447 
15
0.146754 0.238562 -0.0112438 0.117102 -0.0820411 0.229217 0.091234 -0.0142025 -0.0677568 -0.0440993 -0.126115 -0.0102996 -0.133786 -0.141391 -0.127146 
15
0.523512 0.523584 -1.04719 -0.523581 0.523228 0.1106 0.0748741 -0.160476 0.0416448 0.0950639 -0.519324 0.218362 -0.213251 -0.301584 0.15568 
20
-0.0751613 0.5236 -1.0472 -0.523599 0.523589 0.517803 0.0394242 -0.0732076 0.515491 0.0460726 0.284583 0.348474 -0.205192 0.423718 0.00722204 -0.0620163 0.358836 -0.201796 -0.0249033 -0.183023 
20
0.222358 0.523591 -1.0472 -0.523593 0.523574 -0.236084 0.288064 -0.549374 0.262206 0.392878 0.0361257 0.461869 -0.11481 0.0131876 -0.224044 -0.325162 0.299447 -0.00803525 0.364812 0.358908 
20
0.19252 0.5236 -1.0472 -0.5236 0.523594 0.137732 0.343199 -0.0625361 -0.0281461 -0.503028 -0.283421 0.0788077 -0.106678 0.0404054 -0.279943 -0.0965686 0.425602 -0.634663 -0.142805 -0.173645 
20
0.522504 0.523586 -1.04719 -0.523584 0.523562 0.408721 0.0392541 -0.593352 0.519932 -0.00570295 -0.453342 0.397015 -0.544928 -0.162584 0.160575 -0.0516379 0.178858 -0.573286 0.339923 0.448865 
20
0.0610572 0.5236 -1.0472 -0.5236 0.523598 0.106757 0.227942 -0.971027 -0.0826521 -0.468025 0.291443 0.151176 -0.169467 -0.0363884 0.336219 -0.10613 0.0831282 -0.614284 -0.518982 -0.118826 
5
-0.208041 0.00775969 0.00156649 -0.0338153 0.0621398 
5
0.281945 -0.00108153 0.000854455 -0.170619 0.46853 
